n_rows: 947
spearman_r: -0.010251
spearman_p: 0.752719
kendall_tau: -0.007467
kendall_p: 0.730869
