n_rows: 78
spearman_r: -0.209946
spearman_p: 0.065056
kendall_tau: -0.137265
kendall_p: 0.075466
