n_rows: 765
spearman_r: -0.057814
spearman_p: 0.110095
kendall_tau: -0.038882
kendall_p: 0.107563
