n_rows: 232
spearman_r: -0.004438
spearman_p: 0.946394
kendall_tau: -0.002988
kendall_p: 0.946023
