n_rows: 232
spearman_r: 0.030434
spearman_p: 0.644685
kendall_tau: 0.018226
kendall_p: 0.679623
