n_rows: 765
spearman_r: -0.059719
spearman_p: 0.098836
kendall_tau: -0.040046
kendall_p: 0.097438
